12
Tarsius_syrichta 0.0000000 0.8159364 1.1879671 1.1875573 1.1193393 1.0799261 1.1204325 1.1673231 1.1787006 1.1348148 1.2004861 1.2889303 
Lemur_catta      0.8159364 0.0000000 1.1923494 1.1846563 1.0761442 1.0463500 1.0989232 0.9652194 0.9887505 1.0330545 0.9827208 1.0260342 
Homo_sapiens     1.1879671 1.1923494 0.0000000 0.1072795 0.1296271 0.2578205 0.3234976 0.5388075 0.5458738 0.5878737 0.6042708 0.7845579 
Pan              1.1875573 1.1846563 0.1072795 0.0000000 0.1333182 0.2763610 0.3355199 0.5721908 0.6010905 0.6491084 0.5822051 0.8359764 
Gorilla          1.1193393 1.0761442 0.1296271 0.1333182 0.0000000 0.2649718 0.3356321 0.5390343 0.5386201 0.6174642 0.5566222 0.7715861 
Pongo            1.0799261 1.0463500 0.2578205 0.2763610 0.2649718 0.0000000 0.3503159 0.5828081 0.5910873 0.6371692 0.5720234 0.9168330 
Hylobates        1.1204325 1.0989232 0.3234976 0.3355199 0.3356321 0.3503159 0.0000000 0.5942639 0.5691918 0.6300670 0.5707827 0.8026288 
Macaca_fuscata   1.1673231 0.9652194 0.5388075 0.5721908 0.5390343 0.5828081 0.5942639 0.0000000 0.0384347 0.0995718 0.1628644 0.8712006 
M_mulatta        1.1787006 0.9887505 0.5458738 0.6010905 0.5386201 0.5910873 0.5691918 0.0384347 0.0000000 0.1119471 0.1549765 0.8918565 
M_fascicularis   1.1348148 1.0330545 0.5878737 0.6491084 0.6174642 0.6371692 0.6300670 0.0995718 0.1119471 0.0000000 0.1597084 0.8528571 
M_sylvanus       1.2004861 0.9827208 0.6042708 0.5822051 0.5566222 0.5720234 0.5707827 0.1628644 0.1549765 0.1597084 0.0000000 0.8538601 
Saimiri_sciureus 1.2889303 1.0260342 0.7845579 0.8359764 0.7715861 0.9168330 0.8026288 0.8712006 0.8918565 0.8528571 0.8538601 0.0000000 
